
epsilon_list: [0.1, 0.2, 0.3, 0.4, 0.5, 0.6, 0.7, 0.8, 0.9, 1.0]
# #It is the results of ./data/COVID19 DEATH.csv
# naive: [261023.53430205365, 131444.82884573823, 85432.13252041573, 64725.72583304776, 52308.20197884735, 43546.91693195501, 37317.856260323904, 33017.32866207689, 28297.0678638351, 26004.323451508746]
# Order_based: [180182.1594510211, 85427.95630557809, 53249.902293648825, 43447.67216883938, 40891.87051179295, 30200.834642111964, 27569.22279814566, 22977.364649644034, 23862.157073223534, 17089.132756065414]
# discontin_pp: [84875.23062439132, 40427.272472747754, 28412.654259321902, 20269.60848210283, 15769.870806109688, 14090.484597174243, 12840.815539094865, 10839.252103399213, 11361.419349559885, 9213.81231594164]
# PeGaSus_delaypp: [267721.2813584771, 145038.35894326406, 95147.47757869246, 70419.31203773055, 58073.27843547269, 47095.39902843679, 39327.686497857285, 35520.278604911306, 31698.83286534531, 27929.380901880584]
# pegasus: [284068.8280716986, 144339.3728865772, 94503.14066631989, 69777.34548839809, 58100.636026286054, 49140.67131933393, 40805.30107333811, 36410.885007478864, 32195.286375062162, 29481.280046384716]
# contin_noisered: [224424.8513916623, 117860.895310638, 76457.65431006301, 57627.85043855737, 46983.36229178198, 37778.29910977937, 32504.845700993825, 28858.32586607111, 26303.793330333527, 23375.781792201717]
# contin_noisered_close: [232112.23093278444, 115944.25842515209, 72974.40417326002, 57386.98858244652, 47383.2332905612, 37183.31600897586, 33063.787453396406, 28450.280489333247, 26503.333950786684, 23418.93781195842]
# discontin_reduce: [25970.54554042799, 14389.6935452898, 10340.12734629591, 9555.422455172404, 7317.653020175554, 7519.280941648925, 6953.338651672534, 6113.547948667206, 5943.015171228595, 5607.043253182644]
# #It is the results of ./data/INFLUENZA DEATHS.csv
# naive: [16258.151945977399, 8096.318905179141, 5416.979092345273, 4046.966587282232, 3180.497326936839, 2691.672533430058, 2335.3390072343077, 1984.1712892607516, 1788.5514778754393, 1634.7939075812462]
# Order_based: [10318.958590355489, 5603.630699097099, 4138.935328376884, 2647.91204887248, 2187.5268321542644, 2004.0549945430498, 1417.1584048813015, 1502.4095921575954, 1077.5122444088224, 1188.9811282466476]
# discontin_pp: [5120.139707854282, 2782.205263027933, 1630.6376399979004, 1212.7649014341641, 1033.765484588355, 831.8715858640346, 724.5102385725781, 661.4443664306506, 599.6411022621761, 538.5752465058957]
# PeGaSus_delaypp: [17311.230318076952, 8721.319074454992, 5720.775954157217, 4519.825619144431, 3373.609998488116, 2924.295783294056, 2517.8133365631284, 2183.041108497653, 1933.6961589861967, 1746.390398291786]
# pegasus: [18486.983588054114, 8884.212662169506, 6032.2142641315495, 4536.997108477168, 3593.593905659699, 2970.106404614046, 2595.1707013211008, 2260.9289202885984, 2001.795383217673, 1800.0183991445087]
# contin_noisered: [14639.357975443188, 7266.982063859725, 4817.478868450607, 3611.119784568783, 2972.9205769486366, 2412.0712869648073, 2044.1747409281986, 1829.6054709337357, 1599.7408069220487, 1409.6246967647999]
# contin_noisered_close: [14330.510584062824, 7016.672591665805, 4979.77719091675, 3715.6397445905022, 2834.4744246692144, 2380.468722897755, 2061.6910559391304, 1828.6423906684183, 1562.9087239709468, 1436.4184819773725]
# discontin_reduce: [1499.374202671997, 721.3544720975616, 531.5052429899292, 421.504717539035, 352.5084344638591, 332.40610135530153, 315.57637360308524, 277.28268056434115, 248.14668130326908, 239.14049860089509]
# #It is the results of ./data/PNEUMONIA DEATHS.csv
# naive: [152187.6919087756, 78275.14512737947, 52223.14446767249, 38642.90603821429, 31677.69570889776, 26296.070843956928, 22437.31112168233, 19633.69742688737, 17500.262043386025, 15701.852794713554]
# Order_based: [92045.80256731945, 49169.645020303506, 35656.07031235402, 23112.93865214679, 18993.004566045773, 19377.760504157974, 15549.984530050026, 14222.80931489787, 13096.191931922604, 10365.091134484417]
# discontin_pp: [48044.54082767251, 24351.112137398275, 16545.57309899921, 11657.484205985977, 10646.9272108839, 8366.147264330211, 6983.254524542523, 6516.882192878287, 6099.822528158542, 5265.238327753014]
# PeGaSus_delaypp: [164123.25834871325, 83958.97838891779, 55710.709225217965, 42601.95172538819, 33236.41851866732, 28425.933182168734, 23559.31927193246, 21094.27260958202, 18302.395391927013, 17001.258958571576]
# pegasus: [173218.64296641652, 85261.93885172924, 57929.980498513716, 44348.08464330987, 33959.527162733, 28951.71913362666, 24072.337946925298, 21900.092429669963, 19372.410670438047, 17610.454709575108]
# contin_noisered: [138281.01771956013, 71876.81513403199, 47126.96144423341, 35805.997168989554, 27737.106815181767, 23437.334294358978, 20127.616261709416, 17614.667716682125, 15679.498668832695, 14177.231526316687]
# contin_noisered_close: [141835.14800966272, 71293.12701453856, 46167.66474521039, 35704.19832839862, 27905.807164677284, 23527.207807348845, 19764.916646480688, 17796.881815383982, 15699.181130811423, 14292.044716418974]
# discontin_reduce: [14262.398172748313, 7016.669776790628, 5114.801792335887, 4208.157098505453, 3477.9965246749975, 3399.476601117828, 2774.8283181332895, 2624.1321002251602, 2655.4387564956774, 2416.947747671603]
# #It is the results of ./data/TOTAL DEATH.csv
# naive: [664289.2882579636, 337612.1103838204, 221953.54412049483, 168647.69232472105, 137213.04698673225, 113687.69862936181, 97869.46795580402, 84373.00450069862, 77502.78652840466, 66942.85546886756]
# Order_based: [368752.0331448489, 191571.25913262548, 114042.65935253006, 97968.33960315122, 82117.65215146312, 59080.183179154235, 52311.501052602136, 57281.63487804766, 47723.10538904987, 35843.148637391205]
# discontin_pp: [223887.4941410712, 105263.53182762093, 69989.32234901984, 52771.39910486692, 41590.643263442194, 34105.315425375346, 31155.564481327514, 25645.877109572095, 23717.952805118137, 23409.976570710693]
# PeGaSus_delaypp: [704138.5543130577, 365869.51268164476, 243725.19228243985, 181867.2648822894, 145130.62198062363, 120155.97644949987, 102785.53913231798, 90527.30007088532, 79168.10505075884, 71476.00333497577]
# pegasus: [760561.5342700349, 370634.6870160531, 250262.30588408146, 188020.56917313673, 150244.42856076144, 129417.70287769465, 105342.14548729209, 97398.69885655715, 82186.25821302828, 73979.62738573225]
# contin_noisered: [594901.86349346, 302666.69240805117, 200404.48443892918, 152069.13318321138, 119339.12251842779, 100038.71805878046, 84622.05702180348, 75481.54734187727, 66828.77469286855, 62313.47383231879]
# contin_noisered_close: [605584.994911869, 299095.84182464995, 199338.55454610876, 155590.68636236322, 120193.66463867575, 101157.43853458398, 83946.33686850897, 77175.22324327542, 68454.38466150049, 59450.86630277964]
# discontin_reduce: [55161.74058998126, 27663.62499473642, 21031.028556803845, 16194.122146163989, 13529.601294677854, 12173.189622114602, 10372.276099659368, 9880.175540134307, 8818.276454043451, 8691.963829927789]
# #It is the results of ./data/National_Custom_Data.csv
# naive: [676406.922822783, 346172.83334250626, 228192.51362679404, 170631.33337631926, 137255.05580325256, 114990.1519233491, 98250.91176405999, 84214.88128789293, 74405.75285855317, 66047.50820151108]
# Order_based: [385660.72762587573, 207546.20759490103, 131223.50318094846, 91348.56388483245, 103219.29101203912, 74057.37561635619, 51691.981243100076, 42357.35605919354, 52846.31497233411, 44954.602819945314]
# discontin_pp: [200821.01357189767, 104038.46695120248, 72116.36846320156, 53117.35673433855, 42814.47750255524, 37235.93842932691, 29791.407525188708, 27698.606073447234, 24794.160638777386, 21019.383458323384]
# PeGaSus_delaypp: [715778.5016857006, 360823.8306019533, 242529.93293772903, 180605.72103248982, 148346.04767067713, 116274.29973942798, 103600.88499318932, 92605.41666639486, 80432.4076207582, 73378.97831705862]
# pegasus: [758508.1840051551, 373438.7155863406, 249556.51217645337, 189108.25656854952, 150831.7723249299, 123899.88781697108, 107674.97354678488, 95521.53845968534, 83172.63303803108, 74681.87841560748]
# contin_noisered: [610171.947822172, 303402.35433106695, 200556.45878788168, 151205.29300374724, 120597.3546681039, 102330.66567166147, 84889.1259583726, 77879.344061329, 65227.24940722447, 60297.078307764474]
# contin_noisered_close: [601710.1752120163, 286148.5640394813, 202012.83411956375, 152732.94161195858, 121236.71648124415, 100012.87140802969, 85281.82483357603, 74779.59619495788, 66391.64651812534, 61059.67537754603]
# discontin_reduce: [61317.93441183083, 28859.599402071162, 21519.391475293676, 16064.246140479818, 13600.815244303212, 11928.81915155892, 10480.069671270736, 9907.893383080826, 9067.207899925954, 8465.832942902416]
#It is the results of ./data/unemployment.csv
naive: [5521.863590441921, 2709.3636974016454, 1802.6677823502032, 1349.6424147545908, 1073.1935559179096, 895.6736413796629, 764.3100116838627, 675.4426483862043, 601.2234842270047, 546.367794593018]
Order_based: [3406.3041947438046, 1759.674382790603, 1004.784411040856, 831.4390318237101, 622.6185121736683, 461.38466210133083, 367.12864431741957, 387.37387821512084, 411.110545940987, 308.46515569970205]
discontin_pp: [1633.0325162191077, 809.6205834229658, 588.2915053082594, 420.1193294338612, 346.76772390086586, 276.9431540990604, 239.13922723890036, 208.2804229875124, 188.93374670652884, 189.13901060789874]
PeGaSus_delaypp: [5706.343012839918, 2933.012912473035, 1905.0858338053786, 1488.6481444967756, 1156.235539488383, 976.1691579247839, 829.9609102529837, 722.907257952297, 643.6162992577563, 592.6027956167487]
pegasus: [5974.155720381935, 3016.1839388241797, 1996.5026448266283, 1509.4812325623893, 1181.1942952024915, 1016.0221502918572, 856.9242207786672, 751.6334527184249, 666.1123874299748, 603.2614656306148]
contin_noisered: [4767.5351418225355, 2367.6046643645923, 1626.4868811251004, 1204.9505379778982, 983.7724310995206, 797.4159496377193, 702.9340248350281, 605.8888480623164, 532.2970580066142, 493.7185849907949]
contin_noisered_close: [4743.014361919297, 2406.013167847131, 1570.470791611033, 1186.4300978156439, 968.8560539335591, 793.3279819895557, 694.578989187835, 605.9201516609608, 540.3160474572157, 487.8159379966196]
discontin_reduce: [466.939226716515, 246.81495218572877, 166.11318360458105, 138.6984104548131, 121.21203560821702, 101.57278802132541, 100.03078398482245, 89.26267721948177, 80.18704080818392, 75.51892013840543]